-0.46930441546594764
-1.3252157124726165
1.3183869817630962
0.11812505044591033
0.6562223897403804
0.18276547151184921
0.3294651408899937
-0.7692445934375448
1.3040534852313577
-1.176247242237133
-0.456716740408364
1.1119769742036227
-1.723936247213838
0.15600327119755625
-1.7215576969164001
1.2252539051801683
1.95618769083986
0.7334557095711965
-2.3746948155803183
0.5793636637166911
0.47987863173008793
0.07454341619758634
-0.4824943969876111
0.8180726390717735
-0.8787645162604167
0.515413571345865
0.2591936643019731
-0.4454122998378076
-1.78370811323544
-1.2526506148221983
-0.03968977401764392
2.2298959943205747
0.9318495357344629
0.5514161731326603
-0.6600403851633845
-0.7243267488220295
0.041549753096067454
1.0209371091291068
-1.5470402163375232
1.3719392172656661
-0.41330021139404155
0.18890994337133035
0.2831506515025506
0.011036776194247186
-0.33670981995462457
0.3207823314015064
-0.5307661827234068
-0.16019872623318415
-1.1499420250642125
0.2933327224390275
0.5118277277977987
0.10081708860853357
0.263061492403851
-0.9597941342942594
-1.5099360442908876
-0.3700145876035019
0.5194146093039897
-0.49121026306230825
0.9330291682460914
-2.1267603789539073
-0.028634733380527584
-1.073341469631218
-0.2796710825077578
-0.847236088092086
1.331704531026938
0.8316047154428126
1.5094718246673304
1.1613500971420008
-1.2529703675396877
0.41144224629398257
-0.11720527007785402
-0.6369118401921603
0.16033863366500958
0.9215042064704814
-1.4427042046003642
-1.944100369504302
-1.2527095308978755
0.6086628007071707
-1.0702370050349324
0.31312075919821525
0.8966472786530199
-0.4487629649073759
0.35684632516342235
-1.2870606323830596
-1.916135797958196
-0.442394490699071
-1.2147472116092202
-0.44132816885725823
-1.3651758750233305
-0.7610654606453472
1.9486953326617231
-0.347981488590633
-1.6589475372034161
-0.11220630916997623
0.13319801951452162
-0.28187665237991893
0.8087301385442112
0.0323629512751166
-0.8235477241740438
0.3648108400024141
