0.1409214240157915
2.1628000301729724
-0.679877876717977
1.5430001174385197
0.29225402674799894
-0.3121348827251461
1.5852030376717363
0.8473973500371891
1.1479291137949519
0.5035065069599814
-0.10048282007235354
-0.4733673285490205
0.32637104485026736
1.6225044064784768
0.8172750009006623
0.2427961609502402
-0.5626892805656976
1.38124399766247
1.139882508634685
1.4751545966366195
-1.3415124344453733
0.12892030876923521
2.349266677707156
0.5768314921815691
-0.6037493636097608
0.30268635196264904
0.14351510745817087
-0.2581452373478411
-1.1607949745923112
-1.0462739302040542
-0.021493250010627296
0.557483822017673
-0.4950630018085882
-1.5988743236400706
1.1832542501286114
0.025100346416711772
2.3582149347663024
-1.2428757002901212
-0.008267572509004895
1.4281068211166232
0.3324126770291066
-0.4237259986202482
-0.0014464940431616613
0.47500518570347827
-0.5434521014005544
0.33135112446362186
-1.1187272386154208
-1.4360750036537124
0.22095215079868352
-1.1132845559134046
-0.6820132666320788
0.8306470957155789
-1.6880741874629552
1.244776945791327
-0.2539422148654854
-0.30023181325046777
0.1681171487227623
0.2601462037655115
1.076380251699467
1.7678156548012383
-0.24466986930281776
0.2838169793937876
0.523008459425235
1.8004045577831216
1.2743307396776695
-0.24894655921542974
1.0965056189063025
-0.21151794608920482
0.21256493044651503
0.5429400984422669
0.5479097775927095
-0.22467229391903742
-0.16397864532081097
0.14104317607186134
1.8107571530135862
0.7537609462939872
1.24655699970514
0.8250456561843309
-0.2225041761727098
-2.465309988583105
1.519772305375452
-0.4770284242558277
0.7149551479037266
-1.5883579316312608
1.2575330596868808
0.31197568974629064
1.715894717581154
0.796248189819771
1.0175787557190832
-1.502835914543228
1.2839003721216584
1.2161462208652147
0.16278422040111346
0.30787584466678286
0.7637051779990376
0.033484758932857794
-0.6336066899953661
0.3484870349818332
1.8899370016896988
0.7463940723028901
