1.0915416603644568
-0.37658751869220586
-0.7483526252956565
0.7546157382471104
0.9884813979179073
1.2324536071315575
-1.573018837798093
1.8039857223465958
0.5876796383890416
-0.510320788369357
2.436457787890314
1.1290779624371035
0.41647732165118756
-2.096489664432409
1.5966052358576857
1.8093879894850264
2.4973769680971247
1.9198301471715102
1.198909256952959
0.8718427765479908
1.694134023279028
1.2258504330000393
1.6047721998612783
2.0830214698792293
1.7319503195510508
1.5325988494561775
0.2010674756583397
2.526772042412491
-0.48125829333101033
1.2077714734569651
1.1280060303458124
1.114688711649239
0.591118652612866
2.033915462622796
0.7258398783504206
-0.04177285429948485
-0.45130616445765925
1.2928544279805199
-0.037207970916632416
0.7240511031858354
-1.418379610175343
2.7517606675148416
0.07903944495814297
1.3650493390543665
0.2565108227379549
0.9899707658501815
0.31000500671145403
0.16496392942951388
-0.41036338032339126
0.3805550472627858
1.6847734963237095
-0.3034331841277389
1.196428103822634
-0.9996311832418703
3.0107062370604605
2.8740028311306594
1.6186785272995592
-0.09577211610269898
0.9623536486123564
-0.8442158065732697
2.010052472448917
2.522382783215542
1.112667409609495
1.6812751501328282
0.14009066097249145
2.125029213479441
1.9502334208075043
1.312809940476198
2.4043880958358907
0.5293219392080049
0.07732566339595193
0.18644085213009975
-0.21083750944944346
0.9162940947926349
2.4116511538591374
0.43895978286467063
0.3931475745524393
-1.7563512758447795
0.7252675564660664
0.6518908214381248
-0.4802437246403386
1.5642634197335124
0.8826317550703205
2.1486318176640475
3.4547185252066597
2.4731939878905385
0.7251827078598376
2.3802575691048222
1.513912391927637
0.8676186230203665
1.0918459264289797
0.6481693623711946
1.870440422977451
1.2353278640536516
-0.037931916126726195
1.6672997543301058
1.6303760871280253
1.7190255463489623
0.8183805525858127
0.849310655059391
