-0.06362773827283663
-0.8064469359891425
0.8988945856463688
-1.85542639607028
-1.4454629363750313
0.3875437121162597
-0.5624150562403534
-0.7790743033936814
-0.9958900807497866
-1.5568244649363714
-2.084363672799966
-1.5530132388326234
-1.1334054230723418
-1.0489917748412243
-1.0776380874527933
-3.252488755080165
-1.047470385529833
-0.5734651582000381
-0.9958968842346113
-3.1869480759381323
-0.7010309753115951
-0.2625258859391807
-2.0204884892616697
-1.245998257232282
0.03615201923100697
0.0914161970724201
0.027294539894263448
-1.178391087673094
-1.6029741733100478
-2.169455987403668
-0.8162511489409168
0.5664845184897462
-1.1803176882844468
-1.2797997419266764
-0.20503187676831724
-0.7191063082022415
0.668505865951631
0.45560920016648754
0.10765191769509963
-1.8335764556272474
0.6398738299831512
0.7722871498017725
-0.7492096764399223
-0.31738550249848585
-0.8328655601122067
-2.9959879291742553
-1.2079568200176678
0.7597364175710783
-0.4268693824259301
-0.5700797019373521
-1.7581987075679435
-2.100709806976888
-0.38335445071015295
-0.6982829066670622
-2.7762137511538034
-0.4764110859788031
-1.6659835455922556
-1.2705352657476954
-1.341517343652836
-1.2749661380017918
-0.935568369271363
-0.49766254815481603
-1.1902682931357815
-0.23332700337344403
-1.1755140885056101
-3.6563191003741373
-2.084502598645157
0.47445903275263657
-2.0073062787615377
-2.49496285474651
-0.47171938793334833
-2.262610342107944
0.386608710620179
-0.10097153947897108
-1.6492587597918753
0.1324058701131916
-0.6346750159583863
-1.541469771738337
-0.4897771567082311
-1.626739408545144
-0.3693415943341867
-1.3073698533776492
-2.0998272616116225
-0.28325521358987327
-0.3229101861988205
-0.41548861498964906
-1.1682490786023325
-2.1168253848007295
-1.6432771531144517
0.9358811253808155
-1.615431705573766
-1.0475017387398946
-2.395794405327506
-1.8495742037418617
-2.991858299211646
-0.8782222559559416
-2.5621930695152066
-0.5938947113831878
-0.4276797312566283
0.037405456292310735
