-1.011233740958319
0.8780639167112574
1.104418815698489
-0.16322969216472277
-1.3336794657489652
-0.6941474869637192
-0.376363095019257
1.191362913473158
-0.9095751560777567
-2.266965256361484
1.1395183628958223
-0.233260772198583
-1.855182661145238
-0.2894035443576537
-0.5641955381474768
0.19069833239153422
-0.09777521839785724
0.44331260186525423
1.3385737373041884
-0.4355822412444507
-0.7427570999891902
-1.3283202081265646
-1.038568537223839
0.3518809484577816
0.9457233496408615
0.4929192268075506
-2.4980468549903554
-1.9181370457083453
-0.4704759490254389
-0.5500657113131954
-2.2156305568806545
-1.3344589664553954
0.7045397802416724
-0.2825356003426074
-2.34564558327897
-1.851415484184588
-0.911251306837982
-1.6488927647328295
-1.0864133480572025
-1.087540826042028
-0.2930917585849756
-1.6546426440611637
1.4636864670404808
-1.054939875273985
-0.8278535506739115
-0.5712629812155487
-1.3827393823273286
-0.39189103108011025
0.4839940210030559
0.7867896445690263
0.08216669633903917
-0.580401830768915
-0.16938529628105525
-2.1441775200143827
-0.7208895918398204
-0.5340637827213974
-0.7402397590544934
-0.9208974031322121
-0.16317535426701912
0.3034996038902471
1.621341385670001
0.9378672345736812
0.02535942090920673
0.8736275804380489
-0.45868196727838695
-1.7949165198910961
-1.1376571410367426
1.276878392248544
-0.4792895606556833
0.6385092876751941
0.7183372662007665
-2.6045028012544265
-0.8044240910938747
-1.1999806298277584
-1.3156346405236095
-1.3658810229627467
0.11339711479610393
0.12196727826970233
0.05381667813651225
-0.24069396992461733
-0.12934504596780372
-0.03425230455075934
-0.7778307957532246
-0.4657980572996654
-1.0118577176165322
-2.090245249527684
-0.7386632153795336
-1.6773144798815587
-0.7552322842334829
0.14739166810361037
-0.590310074213679
-1.8381078233518182
-0.6718168126636734
1.5870471243499096
-1.2029573433333693
-0.5666539493258231
-0.007797554416248742
0.7736222593080269
0.08605632704182764
-0.7610394249787275
